{
 "cells": [
  {
   "cell_type": "code",
   "execution_count": 48,
   "id": "b1337778",
   "metadata": {},
   "outputs": [],
   "source": [
    "import pandas as pd\n",
    "import os"
   ]
  },
  {
   "cell_type": "code",
   "execution_count": 49,
   "id": "9e9dc86b",
   "metadata": {},
   "outputs": [],
   "source": [
    "RESULT_FINAL_DIR = 'result/'"
   ]
  },
  {
   "cell_type": "code",
   "execution_count": 50,
   "id": "237520bc",
   "metadata": {},
   "outputs": [],
   "source": [
    "result = pd.read_csv(os.path.join(RESULT_FINAL_DIR, 'result.csv'))"
   ]
  },
  {
   "cell_type": "code",
   "execution_count": 51,
   "id": "290ea081",
   "metadata": {},
   "outputs": [
    {
     "name": "stderr",
     "output_type": "stream",
     "text": [
      "C:\\Users\\KEY\\AppData\\Local\\Temp\\ipykernel_10772\\2433715885.py:1: FutureWarning: The default value of numeric_only in DataFrameGroupBy.mean is deprecated. In a future version, numeric_only will default to False. Either specify numeric_only or select only columns which should be valid for the function.\n",
      "  result.groupby('skenario').mean().sort_values('f1_score', ascending=False)\n"
     ]
    },
    {
     "data": {
      "text/html": [
       "<div>\n",
       "<style scoped>\n",
       "    .dataframe tbody tr th:only-of-type {\n",
       "        vertical-align: middle;\n",
       "    }\n",
       "\n",
       "    .dataframe tbody tr th {\n",
       "        vertical-align: top;\n",
       "    }\n",
       "\n",
       "    .dataframe thead th {\n",
       "        text-align: right;\n",
       "    }\n",
       "</style>\n",
       "<table border=\"1\" class=\"dataframe\">\n",
       "  <thead>\n",
       "    <tr style=\"text-align: right;\">\n",
       "      <th></th>\n",
       "      <th>fold</th>\n",
       "      <th>accuracy</th>\n",
       "      <th>precision</th>\n",
       "      <th>recall</th>\n",
       "      <th>f1_score</th>\n",
       "    </tr>\n",
       "    <tr>\n",
       "      <th>skenario</th>\n",
       "      <th></th>\n",
       "      <th></th>\n",
       "      <th></th>\n",
       "      <th></th>\n",
       "      <th></th>\n",
       "    </tr>\n",
       "  </thead>\n",
       "  <tbody>\n",
       "    <tr>\n",
       "      <th>_clean_feature_</th>\n",
       "      <td>3.0</td>\n",
       "      <td>0.865698</td>\n",
       "      <td>0.842610</td>\n",
       "      <td>0.900000</td>\n",
       "      <td>0.870174</td>\n",
       "    </tr>\n",
       "    <tr>\n",
       "      <th>_clean_feature_onehot_1_</th>\n",
       "      <td>3.0</td>\n",
       "      <td>0.866279</td>\n",
       "      <td>0.850134</td>\n",
       "      <td>0.889535</td>\n",
       "      <td>0.869240</td>\n",
       "    </tr>\n",
       "    <tr>\n",
       "      <th>_clean_onehot_2_</th>\n",
       "      <td>3.0</td>\n",
       "      <td>0.862209</td>\n",
       "      <td>0.838428</td>\n",
       "      <td>0.897674</td>\n",
       "      <td>0.866951</td>\n",
       "    </tr>\n",
       "    <tr>\n",
       "      <th>_clean_</th>\n",
       "      <td>3.0</td>\n",
       "      <td>0.861628</td>\n",
       "      <td>0.839626</td>\n",
       "      <td>0.894186</td>\n",
       "      <td>0.866018</td>\n",
       "    </tr>\n",
       "    <tr>\n",
       "      <th>_clean_feature_onehot_2_</th>\n",
       "      <td>3.0</td>\n",
       "      <td>0.861628</td>\n",
       "      <td>0.846336</td>\n",
       "      <td>0.883721</td>\n",
       "      <td>0.864604</td>\n",
       "    </tr>\n",
       "    <tr>\n",
       "      <th>_clean_onehot_1_</th>\n",
       "      <td>3.0</td>\n",
       "      <td>0.859302</td>\n",
       "      <td>0.839748</td>\n",
       "      <td>0.888372</td>\n",
       "      <td>0.863330</td>\n",
       "    </tr>\n",
       "    <tr>\n",
       "      <th>_feature_onehot_2_</th>\n",
       "      <td>3.0</td>\n",
       "      <td>0.825538</td>\n",
       "      <td>0.815559</td>\n",
       "      <td>0.842462</td>\n",
       "      <td>0.828480</td>\n",
       "    </tr>\n",
       "    <tr>\n",
       "      <th>_onehot_2_</th>\n",
       "      <td>3.0</td>\n",
       "      <td>0.820615</td>\n",
       "      <td>0.803605</td>\n",
       "      <td>0.848615</td>\n",
       "      <td>0.825462</td>\n",
       "    </tr>\n",
       "    <tr>\n",
       "      <th>_feature_onehot_1_</th>\n",
       "      <td>3.0</td>\n",
       "      <td>0.810769</td>\n",
       "      <td>0.784152</td>\n",
       "      <td>0.857846</td>\n",
       "      <td>0.819283</td>\n",
       "    </tr>\n",
       "    <tr>\n",
       "      <th>_onehot_1_</th>\n",
       "      <td>3.0</td>\n",
       "      <td>0.806769</td>\n",
       "      <td>0.773409</td>\n",
       "      <td>0.868923</td>\n",
       "      <td>0.817827</td>\n",
       "    </tr>\n",
       "    <tr>\n",
       "      <th>_</th>\n",
       "      <td>3.0</td>\n",
       "      <td>0.803692</td>\n",
       "      <td>0.770107</td>\n",
       "      <td>0.868308</td>\n",
       "      <td>0.815660</td>\n",
       "    </tr>\n",
       "    <tr>\n",
       "      <th>_feature_</th>\n",
       "      <td>3.0</td>\n",
       "      <td>0.807692</td>\n",
       "      <td>0.785362</td>\n",
       "      <td>0.848000</td>\n",
       "      <td>0.815039</td>\n",
       "    </tr>\n",
       "  </tbody>\n",
       "</table>\n",
       "</div>"
      ],
      "text/plain": [
       "                          fold  accuracy  precision    recall  f1_score\n",
       "skenario                                                               \n",
       "_clean_feature_            3.0  0.865698   0.842610  0.900000  0.870174\n",
       "_clean_feature_onehot_1_   3.0  0.866279   0.850134  0.889535  0.869240\n",
       "_clean_onehot_2_           3.0  0.862209   0.838428  0.897674  0.866951\n",
       "_clean_                    3.0  0.861628   0.839626  0.894186  0.866018\n",
       "_clean_feature_onehot_2_   3.0  0.861628   0.846336  0.883721  0.864604\n",
       "_clean_onehot_1_           3.0  0.859302   0.839748  0.888372  0.863330\n",
       "_feature_onehot_2_         3.0  0.825538   0.815559  0.842462  0.828480\n",
       "_onehot_2_                 3.0  0.820615   0.803605  0.848615  0.825462\n",
       "_feature_onehot_1_         3.0  0.810769   0.784152  0.857846  0.819283\n",
       "_onehot_1_                 3.0  0.806769   0.773409  0.868923  0.817827\n",
       "_                          3.0  0.803692   0.770107  0.868308  0.815660\n",
       "_feature_                  3.0  0.807692   0.785362  0.848000  0.815039"
      ]
     },
     "execution_count": 51,
     "metadata": {},
     "output_type": "execute_result"
    }
   ],
   "source": [
    "result.groupby('skenario').mean().sort_values('f1_score', ascending=False)"
   ]
  },
  {
   "cell_type": "code",
   "execution_count": 55,
   "id": "76da7711",
   "metadata": {},
   "outputs": [
    {
     "name": "stderr",
     "output_type": "stream",
     "text": [
      "C:\\Users\\KEY\\AppData\\Local\\Temp\\ipykernel_10772\\4216107057.py:1: FutureWarning: The default value of numeric_only in DataFrameGroupBy.mean is deprecated. In a future version, numeric_only will default to False. Either specify numeric_only or select only columns which should be valid for the function.\n",
      "  result.groupby('skenario').mean().reset_index().to_excel(\n"
     ]
    }
   ],
   "source": [
    "result.groupby('skenario').mean().reset_index().to_excel(\n",
    "    os.path.join(RESULT_FINAL_DIR, 'result.xlsx'), index=False)"
   ]
  },
  {
   "cell_type": "code",
   "execution_count": 54,
   "id": "789e6207",
   "metadata": {},
   "outputs": [
    {
     "name": "stderr",
     "output_type": "stream",
     "text": [
      "C:\\Users\\KEY\\AppData\\Local\\Temp\\ipykernel_10772\\3103365348.py:1: FutureWarning: The default value of numeric_only in DataFrameGroupBy.mean is deprecated. In a future version, numeric_only will default to False. Either specify numeric_only or select only columns which should be valid for the function.\n",
      "  result.groupby('skenario').mean().reset_index()\n"
     ]
    },
    {
     "data": {
      "text/html": [
       "<div>\n",
       "<style scoped>\n",
       "    .dataframe tbody tr th:only-of-type {\n",
       "        vertical-align: middle;\n",
       "    }\n",
       "\n",
       "    .dataframe tbody tr th {\n",
       "        vertical-align: top;\n",
       "    }\n",
       "\n",
       "    .dataframe thead th {\n",
       "        text-align: right;\n",
       "    }\n",
       "</style>\n",
       "<table border=\"1\" class=\"dataframe\">\n",
       "  <thead>\n",
       "    <tr style=\"text-align: right;\">\n",
       "      <th></th>\n",
       "      <th>skenario</th>\n",
       "      <th>fold</th>\n",
       "      <th>accuracy</th>\n",
       "      <th>precision</th>\n",
       "      <th>recall</th>\n",
       "      <th>f1_score</th>\n",
       "    </tr>\n",
       "  </thead>\n",
       "  <tbody>\n",
       "    <tr>\n",
       "      <th>0</th>\n",
       "      <td>_</td>\n",
       "      <td>3.0</td>\n",
       "      <td>0.803692</td>\n",
       "      <td>0.770107</td>\n",
       "      <td>0.868308</td>\n",
       "      <td>0.815660</td>\n",
       "    </tr>\n",
       "    <tr>\n",
       "      <th>1</th>\n",
       "      <td>_clean_</td>\n",
       "      <td>3.0</td>\n",
       "      <td>0.861628</td>\n",
       "      <td>0.839626</td>\n",
       "      <td>0.894186</td>\n",
       "      <td>0.866018</td>\n",
       "    </tr>\n",
       "    <tr>\n",
       "      <th>2</th>\n",
       "      <td>_clean_feature_</td>\n",
       "      <td>3.0</td>\n",
       "      <td>0.865698</td>\n",
       "      <td>0.842610</td>\n",
       "      <td>0.900000</td>\n",
       "      <td>0.870174</td>\n",
       "    </tr>\n",
       "    <tr>\n",
       "      <th>3</th>\n",
       "      <td>_clean_feature_onehot_1_</td>\n",
       "      <td>3.0</td>\n",
       "      <td>0.866279</td>\n",
       "      <td>0.850134</td>\n",
       "      <td>0.889535</td>\n",
       "      <td>0.869240</td>\n",
       "    </tr>\n",
       "    <tr>\n",
       "      <th>4</th>\n",
       "      <td>_clean_feature_onehot_2_</td>\n",
       "      <td>3.0</td>\n",
       "      <td>0.861628</td>\n",
       "      <td>0.846336</td>\n",
       "      <td>0.883721</td>\n",
       "      <td>0.864604</td>\n",
       "    </tr>\n",
       "    <tr>\n",
       "      <th>5</th>\n",
       "      <td>_clean_onehot_1_</td>\n",
       "      <td>3.0</td>\n",
       "      <td>0.859302</td>\n",
       "      <td>0.839748</td>\n",
       "      <td>0.888372</td>\n",
       "      <td>0.863330</td>\n",
       "    </tr>\n",
       "    <tr>\n",
       "      <th>6</th>\n",
       "      <td>_clean_onehot_2_</td>\n",
       "      <td>3.0</td>\n",
       "      <td>0.862209</td>\n",
       "      <td>0.838428</td>\n",
       "      <td>0.897674</td>\n",
       "      <td>0.866951</td>\n",
       "    </tr>\n",
       "    <tr>\n",
       "      <th>7</th>\n",
       "      <td>_feature_</td>\n",
       "      <td>3.0</td>\n",
       "      <td>0.807692</td>\n",
       "      <td>0.785362</td>\n",
       "      <td>0.848000</td>\n",
       "      <td>0.815039</td>\n",
       "    </tr>\n",
       "    <tr>\n",
       "      <th>8</th>\n",
       "      <td>_feature_onehot_1_</td>\n",
       "      <td>3.0</td>\n",
       "      <td>0.810769</td>\n",
       "      <td>0.784152</td>\n",
       "      <td>0.857846</td>\n",
       "      <td>0.819283</td>\n",
       "    </tr>\n",
       "    <tr>\n",
       "      <th>9</th>\n",
       "      <td>_feature_onehot_2_</td>\n",
       "      <td>3.0</td>\n",
       "      <td>0.825538</td>\n",
       "      <td>0.815559</td>\n",
       "      <td>0.842462</td>\n",
       "      <td>0.828480</td>\n",
       "    </tr>\n",
       "    <tr>\n",
       "      <th>10</th>\n",
       "      <td>_onehot_1_</td>\n",
       "      <td>3.0</td>\n",
       "      <td>0.806769</td>\n",
       "      <td>0.773409</td>\n",
       "      <td>0.868923</td>\n",
       "      <td>0.817827</td>\n",
       "    </tr>\n",
       "    <tr>\n",
       "      <th>11</th>\n",
       "      <td>_onehot_2_</td>\n",
       "      <td>3.0</td>\n",
       "      <td>0.820615</td>\n",
       "      <td>0.803605</td>\n",
       "      <td>0.848615</td>\n",
       "      <td>0.825462</td>\n",
       "    </tr>\n",
       "  </tbody>\n",
       "</table>\n",
       "</div>"
      ],
      "text/plain": [
       "                    skenario  fold  accuracy  precision    recall  f1_score\n",
       "0                          _   3.0  0.803692   0.770107  0.868308  0.815660\n",
       "1                    _clean_   3.0  0.861628   0.839626  0.894186  0.866018\n",
       "2            _clean_feature_   3.0  0.865698   0.842610  0.900000  0.870174\n",
       "3   _clean_feature_onehot_1_   3.0  0.866279   0.850134  0.889535  0.869240\n",
       "4   _clean_feature_onehot_2_   3.0  0.861628   0.846336  0.883721  0.864604\n",
       "5           _clean_onehot_1_   3.0  0.859302   0.839748  0.888372  0.863330\n",
       "6           _clean_onehot_2_   3.0  0.862209   0.838428  0.897674  0.866951\n",
       "7                  _feature_   3.0  0.807692   0.785362  0.848000  0.815039\n",
       "8         _feature_onehot_1_   3.0  0.810769   0.784152  0.857846  0.819283\n",
       "9         _feature_onehot_2_   3.0  0.825538   0.815559  0.842462  0.828480\n",
       "10                _onehot_1_   3.0  0.806769   0.773409  0.868923  0.817827\n",
       "11                _onehot_2_   3.0  0.820615   0.803605  0.848615  0.825462"
      ]
     },
     "execution_count": 54,
     "metadata": {},
     "output_type": "execute_result"
    }
   ],
   "source": [
    "result.groupby('skenario').mean().reset_index()"
   ]
  },
  {
   "cell_type": "code",
   "execution_count": null,
   "id": "d72bcb69",
   "metadata": {},
   "outputs": [],
   "source": []
  }
 ],
 "metadata": {
  "kernelspec": {
   "display_name": "Python 3",
   "language": "python",
   "name": "python3"
  },
  "language_info": {
   "codemirror_mode": {
    "name": "ipython",
    "version": 3
   },
   "file_extension": ".py",
   "mimetype": "text/x-python",
   "name": "python",
   "nbconvert_exporter": "python",
   "pygments_lexer": "ipython3",
   "version": "3.8.10"
  }
 },
 "nbformat": 4,
 "nbformat_minor": 5
}
